0.000016 -0.000130 -0.000106
-0.000130 0.002735 -0.000225
-0.000106 -0.000225 0.002294
0.003353 -0.000589 -0.000488
-0.000589 0.006793 0.001331
-0.000488 0.001331 0.004219
0.001930 -0.000011 -0.000007
-0.000011 0.003928 0.000069
-0.000007 0.000069 0.001967
0.002555 0.000880 0.000068
0.000880 0.004587 0.000224
0.000068 0.000224 0.002490
0.003761 0.000181 -0.000008
0.000181 0.007495 -0.000087
-0.000008 -0.000087 0.003738
0.002049 0.000441 0.000122
0.000441 0.004020 0.000950
0.000122 0.000950 0.002794
0.001494 0.000001 -0.000144
0.000001 0.001467 -0.000063
-0.000144 -0.000063 0.002946
0.003938 0.000048 -0.000451
0.000048 0.003967 -0.000402
-0.000451 -0.000402 0.007756
0.001644 -0.000323 -0.000424
-0.000323 0.002947 0.000790
-0.000424 0.000790 0.002124
0.003395 -0.000022 -0.000095
-0.000022 0.003392 0.000359
-0.000095 0.000359 0.006751
0.000970 0.000097 -0.000196
0.000097 0.001159 -0.000382
-0.000196 -0.000382 0.001638
0.002774 0.000015 0.000113
0.000015 0.003207 -0.000849
0.000113 -0.000849 0.005633
0.001635 0.000127 -0.000422
0.000127 0.001827 -0.000465
-0.000422 -0.000465 0.003083
0.004746 0.001793 0.001423
0.001793 0.015538 0.001402
0.001423 0.001402 0.008025
0.010399 -0.000502 -0.000484
-0.000502 0.012398 0.003577
-0.000484 0.003577 0.021163
0.006264 0.000127 0.001674
0.000127 0.005811 0.000242
0.001674 0.000242 0.011121
0.014593 0.000144 0.000029
0.000144 0.029356 0.000386
0.000029 0.000386 0.014687
0.002306 -0.000085 0.000005
-0.000085 0.004598 -0.000135
0.000005 -0.000135 0.002313
0.001620 -0.000074 0.000014
-0.000074 0.003548 -0.000080
0.000014 -0.000080 0.001780
0.003540 0.001124 0.000972
0.001124 0.010576 0.000352
0.000972 0.000352 0.005040
0.003448 0.000143 0.000993
0.000143 0.003155 0.000114
0.000993 0.000114 0.006138
0.003273 0.000091 0.000047
0.000091 0.007128 -0.000195
0.000047 -0.000195 0.003572
0.000939 0.000120 0.000126
0.000120 0.003840 0.000660
0.000126 0.000660 0.002282
0.001739 0.000159 -0.000471
0.000159 0.002547 -0.000858
-0.000471 -0.000858 0.003578
0.004316 -0.000233 -0.000341
-0.000233 0.005103 0.001604
-0.000341 0.001604 0.008201
0.002801 0.000134 0.000034
0.000134 0.006021 -0.000090
0.000034 -0.000090 0.003011
0.002303 0.000095 0.000378
0.000095 0.006615 0.000698
0.000378 0.000698 0.003416
0.000361 -0.000477 -0.000154
-0.000477 0.002928 -0.000108
-0.000154 -0.000108 0.001490
0.000376 0.000019 -0.000092
0.000019 0.000374 -0.000057
-0.000092 -0.000057 0.000695
0.003301 0.000054 0.000021
0.000054 0.006811 0.000065
0.000021 0.000065 0.003404
0.002294 0.000575 -0.000040
0.000575 0.004400 -0.000162
-0.000040 -0.000162 0.002291
0.000839 0.000032 0.000216
0.000032 0.000860 0.000064
0.000216 0.000064 0.001656
0.001011 0.000038 -0.000034
0.000038 0.001272 -0.000391
-0.000034 -0.000391 0.002073
0.003710 -0.000021 0.000147
-0.000021 0.003821 0.000439
0.000147 0.000439 0.007517
0.001821 -0.000040 0.000368
-0.000040 0.001828 -0.000357
0.000368 -0.000357 0.003416
0.002182 -0.000082 0.000010
-0.000082 0.004428 -0.000145
0.000010 -0.000145 0.002229
0.002201 -0.000084 0.000012
-0.000084 0.004451 -0.000162
0.000012 -0.000162 0.002244
0.002109 0.000127 -0.000161
0.000127 0.002762 -0.000924
-0.000161 -0.000924 0.004121
0.000803 0.000183 0.000876
0.000183 0.004802 0.001046
0.000876 0.001046 0.002838
0.001434 -0.000027 0.000365
-0.000027 0.001620 -0.000195
0.000365 -0.000195 0.003092
0.000337 0.000018 -0.000083
0.000018 0.000337 -0.000054
-0.000083 -0.000054 0.000623
0.004239 -0.000019 0.000175
-0.000019 0.004366 0.000501
0.000175 0.000501 0.008582
0.010797 0.000047 0.000024
0.000047 0.021775 0.000273
0.000024 0.000273 0.010892
0.003829 0.000184 0.000307
0.000184 0.005292 -0.001946
0.000307 -0.001946 0.007630
0.000349 -0.000454 -0.000158
-0.000454 0.002969 -0.000166
-0.000158 -0.000166 0.001514
