0.000358 -0.000021 -0.000018
-0.000021 0.000408 0.000012
-0.000018 0.000012 0.000547
0.004072 -0.000294 -0.000547
-0.000294 0.004177 0.000429
-0.000547 0.000429 0.004648
0.000246 -0.000011 -0.000030
-0.000011 0.000241 0.000022
-0.000030 0.000022 0.000285
0.005902 -0.000366 -0.001191
-0.000366 0.005961 0.000549
-0.001191 0.000549 0.006361
0.001642 -0.000287 0.000123
-0.000287 0.001202 -0.000217
0.000123 -0.000217 0.001482
0.000312 -0.000028 -0.000033
-0.000028 0.000385 0.000025
-0.000033 0.000025 0.000501
0.001543 -0.000219 0.000158
-0.000219 0.001174 -0.000211
0.000158 -0.000211 0.001521
0.006720 -0.000411 -0.001399
-0.000411 0.006598 0.000385
-0.001399 0.000385 0.007307
0.000301 -0.000013 -0.000039
-0.000013 0.000294 0.000025
-0.000039 0.000025 0.000349
0.004489 -0.000327 -0.000619
-0.000327 0.004522 0.000425
-0.000619 0.000425 0.005124
