0.002781 0.000234 0.000117
0.000234 0.004102 -0.000628
0.000117 -0.000628 0.004451
0.007365 -0.000265 -0.000550
-0.000265 0.011463 0.001580
-0.000550 0.001580 0.011021
0.009835 -0.000681 -0.001107
-0.000681 0.013178 0.001741
-0.001107 0.001741 0.012609
0.001374 0.000050 0.000076
0.000050 0.003547 -0.000016
0.000076 -0.000016 0.002657
0.000142 0.000012 0.000004
0.000012 0.000134 0.000009
0.000004 0.000009 0.000197
0.006314 0.000514 -0.001675
0.000514 0.007389 0.000699
-0.001675 0.000699 0.005301
0.004653 -0.000140 -0.000525
-0.000140 0.007761 0.001105
-0.000525 0.001105 0.007744
0.013676 -0.000995 -0.001635
-0.000995 0.018515 0.002443
-0.001635 0.002443 0.017792
0.000184 0.000013 -0.000000
0.000013 0.000181 0.000014
-0.000000 0.000014 0.000258
0.001743 0.000350 0.000078
0.000350 0.002795 -0.000463
0.000078 -0.000463 0.003091
0.002605 -0.000086 -0.000076
-0.000086 0.005286 0.000316
-0.000076 0.000316 0.004104
0.001707 0.000029 0.000182
0.000029 0.006224 -0.000194
0.000182 -0.000194 0.004699
