0.001801 -0.000336 0.000464
-0.000336 0.001954 -0.000542
0.000464 -0.000542 0.003476
0.003372 -0.000261 0.000074
-0.000261 0.006717 -0.000959
0.000074 -0.000959 0.003799
0.000286 0.000008 -0.000067
0.000008 0.000223 0.000034
-0.000067 0.000034 0.000527
0.002126 -0.000070 -0.000166
-0.000070 0.004571 0.000683
-0.000166 0.000683 0.002529
0.000526 0.000137 -0.000136
0.000137 0.000371 -0.000194
-0.000136 -0.000194 0.000840
0.000284 0.000009 -0.000082
0.000009 0.000210 0.000028
-0.000082 0.000028 0.000494
0.000960 0.000262 -0.000144
0.000262 0.001035 -0.000542
-0.000144 -0.000542 0.001357
0.002516 -0.000448 -0.000987
-0.000448 0.003278 0.001087
-0.000987 0.001087 0.003778
0.002950 -0.000591 -0.000249
-0.000591 0.006631 0.000642
-0.000249 0.000642 0.003530
0.002267 -0.000467 -0.000269
-0.000467 0.004719 0.000804
-0.000269 0.000804 0.002833
0.002371 -0.000364 -0.000919
-0.000364 0.002650 0.000818
-0.000919 0.000818 0.003482
0.000650 0.000014 -0.000164
0.000014 0.000529 0.000031
-0.000164 0.000031 0.001169
0.000938 0.000286 -0.000041
0.000286 0.001260 -0.000625
-0.000041 -0.000625 0.000797
