0.008269 0.000765 -0.000136
0.000765 0.014789 0.003984
-0.000136 0.003984 0.007388
0.001837 -0.000144 -0.000549
-0.000144 0.002337 0.000938
-0.000549 0.000938 0.002893
0.004717 0.001318 -0.000080
0.001318 0.004806 -0.001188
-0.000080 -0.001188 0.002846
0.008909 0.001836 -0.001534
0.001836 0.016363 -0.002396
-0.001534 -0.002396 0.005421
0.001852 0.001732 0.000980
0.001732 0.004527 -0.001185
0.000980 -0.001185 0.003620
0.005123 0.001813 -0.000052
0.001813 0.006649 0.000210
-0.000052 0.000210 0.001126
0.004117 0.001087 -0.000193
0.001087 0.006568 0.002717
-0.000193 0.002717 0.002422
0.003358 0.001558 -0.001757
0.001558 0.008812 -0.000703
-0.001757 -0.000703 0.003727
0.002710 0.001536 0.001567
0.001536 0.006515 -0.002158
0.001567 -0.002158 0.004101
0.004571 0.000980 0.000219
0.000980 0.004558 -0.000715
0.000219 -0.000715 0.002312
0.002478 -0.000265 -0.000724
-0.000265 0.003066 0.001191
-0.000724 0.001191 0.003711
0.008440 0.002543 -0.001401
0.002543 0.011657 -0.002266
-0.001401 -0.002266 0.007984
