0.000989 0.000198 0.000107
0.000198 0.001467 0.000485
0.000107 0.000485 0.001288
0.001935 -0.001498 -0.000247
-0.001498 0.004143 0.000209
-0.000247 0.000209 0.002492
0.001196 -0.000222 0.000533
-0.000222 0.001060 -0.000184
0.000533 -0.000184 0.001512
0.000738 -0.000096 -0.000202
-0.000096 0.001265 0.000426
-0.000202 0.000426 0.001246
0.000940 0.000205 0.000111
0.000205 0.001379 0.000452
0.000111 0.000452 0.001210
0.000933 -0.000125 0.000455
-0.000125 0.000823 -0.000054
0.000455 -0.000054 0.001379
0.001279 -0.001281 -0.000001
-0.001281 0.003309 -0.000173
-0.000001 -0.000173 0.001978
0.001316 -0.000271 -0.000362
-0.000271 0.002232 0.000620
-0.000362 0.000620 0.001622
