0.003520 -0.000284 0.000361
-0.000284 0.003756 0.000252
0.000361 0.000252 0.007848
0.001311 0.000463 0.000195
0.000463 0.002979 -0.000172
0.000195 -0.000172 0.001414
0.000891 0.000193 -0.000447
0.000193 0.001096 -0.000301
-0.000447 -0.000301 0.001453
0.002548 0.000104 -0.000568
0.000104 0.002256 -0.000724
-0.000568 -0.000724 0.004466
0.001526 0.000228 -0.000179
0.000228 0.003781 0.000106
-0.000179 0.000106 0.001819
0.000398 0.000010 -0.000117
0.000010 0.000354 -0.000011
-0.000117 -0.000011 0.000677
0.002526 -0.000030 -0.000541
-0.000030 0.002437 0.000243
-0.000541 0.000243 0.004716
0.001749 0.000448 0.000169
0.000448 0.003809 -0.000061
0.000169 -0.000061 0.001844
0.000718 0.000182 -0.000474
0.000182 0.000953 -0.000218
-0.000474 -0.000218 0.001373
0.002227 0.000094 -0.000550
0.000094 0.001811 -0.000558
-0.000550 -0.000558 0.003836
0.001229 0.000225 -0.000213
0.000225 0.003151 -0.000217
-0.000213 -0.000217 0.001556
0.003055 -0.000033 -0.000155
-0.000033 0.003286 0.000685
-0.000155 0.000685 0.006089
0.001268 -0.000329 0.000389
-0.000329 0.000673 -0.000256
0.000389 -0.000256 0.001326
0.000800 0.000196 -0.000416
0.000196 0.001015 -0.000272
-0.000416 -0.000272 0.001358
0.001895 0.000075 -0.000512
0.000075 0.001410 -0.000451
-0.000512 -0.000451 0.003181
0.001661 0.000320 -0.000249
0.000320 0.004237 -0.000401
-0.000249 -0.000401 0.002198
0.001129 -0.000486 0.000113
-0.000486 0.002582 0.001058
0.000113 0.001058 0.003585
0.002066 0.000416 -0.000035
0.000416 0.003886 -0.000332
-0.000035 -0.000332 0.002039
