0.000174 -0.000260 0.000113
-0.000260 0.000876 0.000243
0.000113 0.000243 0.000616
0.000795 0.000009 0.000082
0.000009 0.001651 0.000180
0.000082 0.000180 0.000750
0.000296 -0.000068 0.000131
-0.000068 0.000246 0.000029
0.000131 0.000029 0.000590
0.000568 -0.000128 -0.000133
-0.000128 0.000747 0.000229
-0.000133 0.000229 0.000768
0.001682 -0.000311 -0.000134
-0.000311 0.003053 0.000474
-0.000134 0.000474 0.001767
0.001511 -0.000351 -0.000283
-0.000351 0.002195 0.000591
-0.000283 0.000591 0.001808
0.001277 -0.000180 -0.000034
-0.000180 0.002491 0.000167
-0.000034 0.000167 0.001289
0.000303 -0.000066 0.000128
-0.000066 0.000261 0.000041
0.000128 0.000041 0.000624
0.000142 -0.000192 0.000116
-0.000192 0.000759 0.000260
0.000116 0.000260 0.000647
0.000566 -0.000128 -0.000136
-0.000128 0.000753 0.000226
-0.000136 0.000226 0.000739
0.000304 -0.000073 0.000126
-0.000073 0.000259 0.000051
0.000126 0.000051 0.000648
0.000908 0.000036 0.000088
0.000036 0.001857 0.000222
0.000088 0.000222 0.000877
