0.000549 -0.000054 0.000066
-0.000054 0.000814 -0.000273
0.000066 -0.000273 0.000842
0.000791 -0.000146 -0.000754
-0.000146 0.003071 0.000854
-0.000754 0.000854 0.001985
0.009127 0.001017 0.000036
0.001017 0.018031 0.000170
0.000036 0.000170 0.009073
0.011475 -0.002210 0.000074
-0.002210 0.021556 -0.000295
0.000074 -0.000295 0.010945
0.004874 -0.000459 0.000270
-0.000459 0.008736 -0.001979
0.000270 -0.001979 0.005918
0.002547 0.000551 0.000207
0.000551 0.004864 0.000569
0.000207 0.000569 0.002676
0.000800 -0.000008 -0.000103
-0.000008 0.000818 0.000120
-0.000103 0.000120 0.001574
0.000145 0.000204 -0.000188
0.000204 0.000495 0.000016
-0.000188 0.000016 0.000832
0.002599 -0.000617 0.000066
-0.000617 0.005415 0.000142
0.000066 0.000142 0.002752
0.000346 -0.000014 0.000019
-0.000014 0.000451 -0.000159
0.000019 -0.000159 0.000587
0.004796 -0.001237 0.000232
-0.001237 0.008332 -0.000695
0.000232 -0.000695 0.004538
0.000927 0.000150 -0.000071
0.000150 0.001960 0.000322
-0.000071 0.000322 0.001036
0.005637 0.000158 0.000017
0.000158 0.011291 0.000084
0.000017 0.000084 0.005635
0.000616 -0.000058 0.000069
-0.000058 0.000935 -0.000309
0.000069 -0.000309 0.000934
0.001142 0.000205 0.000092
0.000205 0.001960 0.000407
0.000092 0.000407 0.001287
0.006293 0.000988 -0.000098
0.000988 0.012072 -0.000466
-0.000098 -0.000466 0.006120
0.002798 0.000636 0.000272
0.000636 0.005121 0.000802
0.000272 0.000802 0.003039
0.004991 -0.000500 0.000442
-0.000500 0.007673 -0.002435
0.000442 -0.002435 0.007188
0.001079 -0.000012 -0.000130
-0.000012 0.001115 0.000180
-0.000130 0.000180 0.002130
0.013463 0.001261 0.000025
0.001261 0.026774 -0.000196
0.000025 -0.000196 0.013432
0.005581 -0.001380 0.000231
-0.001380 0.009857 -0.000731
0.000231 -0.000731 0.005290
0.001979 -0.000486 0.000073
-0.000486 0.004405 0.000185
0.000073 0.000185 0.002238
0.005812 0.000373 0.000031
0.000373 0.011569 0.000284
0.000031 0.000284 0.005807
0.007315 -0.001812 0.000103
-0.001812 0.013051 -0.000322
0.000103 -0.000322 0.006799
0.001574 0.000063 -0.000111
0.000063 0.003851 0.000536
-0.000111 0.000536 0.002119
0.008134 0.002769 -0.000329
0.002769 0.020086 0.000791
-0.000329 0.000791 0.010335
0.000796 -0.000009 -0.000106
-0.000009 0.000791 0.000077
-0.000106 0.000077 0.001547
0.015096 -0.004557 0.000802
-0.004557 0.029380 -0.001037
0.000802 -0.001037 0.015361
0.034036 0.002351 0.001869
0.002351 0.079988 -0.005211
0.001869 -0.005211 0.040331
0.001691 -0.000020 -0.000177
-0.000020 0.001615 0.000040
-0.000177 0.000040 0.003333
0.010327 0.001262 -0.000016
0.001262 0.022943 -0.000128
-0.000016 -0.000128 0.011536
0.001492 0.000052 -0.000241
0.000052 0.001508 -0.000203
-0.000241 -0.000203 0.002906
0.001398 0.000155 -0.000784
0.000155 0.005948 0.002130
-0.000784 0.002130 0.006388
0.000327 -0.000007 0.000001
-0.000007 0.000653 -0.000016
0.000001 -0.000016 0.000328
0.000104 0.000001 0.000015
0.000001 0.000095 -0.000006
0.000015 -0.000006 0.000201
0.033386 0.005763 0.000635
0.005763 0.066622 0.005077
0.000635 0.005077 0.034943
0.002434 -0.000390 0.000381
-0.000390 0.003395 -0.001081
0.000381 -0.001081 0.003357
0.022858 -0.004049 0.002258
-0.004049 0.040029 -0.008868
0.002258 -0.008868 0.027278
0.000269 -0.000001 -0.000013
-0.000001 0.000257 -0.000009
-0.000013 -0.000009 0.000536
0.012929 0.001820 -0.000532
0.001820 0.032005 0.000736
-0.000532 0.000736 0.016025
0.017406 0.003837 0.002083
0.003837 0.029844 0.006727
0.002083 0.006727 0.020879
0.003807 -0.000290 -0.000679
-0.000290 0.004338 0.001290
-0.000679 0.001290 0.006943
0.000056 -0.000001 0.000016
-0.000001 0.000052 -0.000006
0.000016 -0.000006 0.000099
0.017387 0.003831 0.002088
0.003831 0.029789 0.006737
0.002088 0.006737 0.020883
0.022914 -0.004057 0.002261
-0.004057 0.040140 -0.008884
0.002261 -0.008884 0.027337
0.007153 0.001382 -0.000382
0.001382 0.014511 -0.002683
-0.000382 -0.002683 0.008976
0.000054 -0.000001 0.000015
-0.000001 0.000049 -0.000007
0.000015 -0.000007 0.000094
0.007151 0.001385 -0.000379
0.001385 0.014507 -0.002648
-0.000379 -0.002648 0.008931
0.003813 -0.000290 -0.000680
-0.000290 0.004342 0.001289
-0.000680 0.001289 0.006955
0.003484 -0.000546 0.000531
-0.000546 0.004894 -0.001556
0.000531 -0.001556 0.004815
0.005387 0.000922 0.000879
0.000922 0.007692 0.002458
0.000879 0.002458 0.007679
0.023864 0.000011 0.000280
0.000011 0.048090 -0.001484
0.000280 -0.001484 0.023833
0.035076 0.000551 0.000616
0.000551 0.071443 -0.001633
0.000616 -0.001633 0.035246
0.002840 0.000442 -0.000737
0.000442 0.003147 0.001665
-0.000737 0.001665 0.005739
0.007273 0.001330 -0.000413
0.001330 0.014659 -0.003119
-0.000413 -0.003119 0.009638
0.001939 -0.000321 0.000323
-0.000321 0.002634 -0.000855
0.000323 -0.000855 0.002697
0.000043 0.000000 0.000012
0.000000 0.000036 -0.000006
0.000012 -0.000006 0.000076
0.023594 -0.004165 0.002298
-0.004165 0.041467 -0.009072
0.002298 -0.009072 0.028040
0.006864 0.001231 -0.000400
0.001231 0.013730 -0.003069
-0.000400 -0.003069 0.009267
0.000039 0.000000 0.000011
0.000000 0.000036 -0.000007
0.000011 -0.000007 0.000070
0.004028 -0.000309 -0.000717
-0.000309 0.004624 0.001384
-0.000717 0.001384 0.007368
0.017046 0.003738 0.002127
0.003738 0.028942 0.006789
0.002127 0.006789 0.020781
0.000047 0.000000 0.000012
0.000000 0.000042 -0.000007
0.000012 -0.000007 0.000085
0.013433 0.001146 -0.001141
0.001146 0.037700 0.003416
-0.001141 0.003416 0.019492
0.085360 -0.001674 0.003510
-0.001674 0.181568 -0.012028
0.003510 -0.012028 0.091480
0.085326 -0.001680 0.003509
-0.001680 0.181485 -0.012038
0.003509 -0.012038 0.091445
0.000047 0.000000 0.000012
0.000000 0.000042 -0.000007
0.000012 -0.000007 0.000085
0.013433 0.001145 -0.001141
0.001145 0.037698 0.003417
-0.001141 0.003417 0.019492
