0.001319 0.000085 0.000043
0.000085 0.002807 0.000025
0.000043 0.000025 0.001389
0.001651 0.000139 -0.000131
0.000139 0.002015 -0.000976
-0.000131 -0.000976 0.002461
0.000810 0.000065 -0.000122
0.000065 0.001357 -0.000461
-0.000122 -0.000461 0.001407
0.001835 -0.000215 -0.000511
-0.000215 0.003038 0.000994
-0.000511 0.000994 0.004437
0.000562 0.000020 0.000119
0.000020 0.000811 0.000200
0.000119 0.000200 0.001431
0.010149 -0.000103 0.000066
-0.000103 0.020593 -0.000032
0.000066 -0.000032 0.010268
0.001416 -0.000003 0.000030
-0.000003 0.003128 -0.000031
0.000030 -0.000031 0.001559
0.002978 0.000654 0.000298
0.000654 0.007413 0.000843
0.000298 0.000843 0.004038
0.001335 0.000060 0.000029
0.000060 0.001427 -0.000135
0.000029 -0.000135 0.002885
0.001744 -0.000136 -0.000117
-0.000136 0.004594 0.000541
-0.000117 0.000541 0.002487
