0.001839 -0.000236 -0.000361
-0.000236 0.005913 0.001428
-0.000361 0.001428 0.004135
0.000868 0.000378 0.000014
0.000378 0.002384 -0.000857
0.000014 -0.000857 0.002428
0.001853 -0.000636 -0.000408
-0.000636 0.005351 0.000777
-0.000408 0.000777 0.003069
0.001171 0.000336 -0.000077
0.000336 0.004917 0.000503
-0.000077 0.000503 0.002614
0.000109 0.000013 -0.000003
0.000013 0.000104 0.000022
-0.000003 0.000022 0.000233
0.005036 0.000335 0.000110
0.000335 0.013718 0.001142
0.000110 0.001142 0.007154
0.003396 -0.000860 -0.001328
-0.000860 0.007304 0.002251
-0.001328 0.002251 0.006683
0.003483 -0.000780 -0.000390
-0.000780 0.008456 0.001372
-0.000390 0.001372 0.005003
0.003573 -0.000845 -0.001314
-0.000845 0.007541 0.002340
-0.001314 0.002340 0.006939
0.001509 0.000336 0.000066
0.000336 0.002778 -0.001036
0.000066 -0.001036 0.004111
0.002267 -0.000323 -0.000547
-0.000323 0.006863 0.001914
-0.000547 0.001914 0.005398
0.000131 0.000011 -0.000006
0.000011 0.000134 0.000013
-0.000006 0.000013 0.000286
0.002551 0.000365 0.000199
0.000365 0.009480 0.000342
0.000199 0.000342 0.004774
