0.000148 -0.000003 0.000015
-0.000003 0.000150 0.000018
0.000015 0.000018 0.000300
0.002091 -0.000487 0.000376
-0.000487 0.004304 -0.000330
0.000376 -0.000330 0.001944
0.002719 0.000324 0.000140
0.000324 0.004936 0.000925
0.000140 0.000925 0.002948
0.002929 -0.000839 0.000409
-0.000839 0.004238 -0.000878
0.000409 -0.000878 0.002980
0.016426 0.000662 0.000328
0.000662 0.033016 -0.003825
0.000328 -0.003825 0.017453
0.000913 0.000351 -0.000177
0.000351 0.002498 0.000122
-0.000177 0.000122 0.001207
0.003359 -0.000864 -0.000044
-0.000864 0.006836 -0.000066
-0.000044 -0.000066 0.003512
0.002351 0.000183 0.000266
0.000183 0.006422 -0.000458
0.000266 -0.000458 0.003217
0.008925 -0.001371 -0.000014
-0.001371 0.019347 -0.000645
-0.000014 -0.000645 0.009816
0.005537 0.000344 0.000030
0.000344 0.011121 -0.000282
0.000030 -0.000282 0.005557
