0.000148 -0.000003 0.000015
-0.000003 0.000150 0.000018
0.000015 0.000018 0.000300
0.002091 -0.000487 0.000376
-0.000487 0.004304 -0.000330
0.000376 -0.000330 0.001944
0.002719 0.000324 0.000140
0.000324 0.004936 0.000925
0.000140 0.000925 0.002948
0.002929 -0.000839 0.000409
-0.000839 0.004238 -0.000878
0.000409 -0.000878 0.002980
0.016426 0.000662 0.000328
0.000662 0.033016 -0.003825
0.000328 -0.003825 0.017453
0.000913 0.000351 -0.000177
0.000351 0.002498 0.000122
-0.000177 0.000122 0.001207
0.003359 -0.000864 -0.000044
-0.000864 0.006836 -0.000066
-0.000044 -0.000066 0.003512
0.002351 0.000183 0.000266
0.000183 0.006422 -0.000458
0.000266 -0.000458 0.003217
0.008925 -0.001371 -0.000014
-0.001371 0.019347 -0.000645
-0.000014 -0.000645 0.009816
0.005537 0.000344 0.000030
0.000344 0.011121 -0.000282
0.000030 -0.000282 0.005557
0.020797 0.002453 0.000590
0.002453 0.042298 -0.003227
0.000590 -0.003227 0.021076
0.000158 0.000001 0.000020
0.000001 0.000159 0.000018
0.000020 0.000018 0.000312
0.002146 -0.000678 0.000321
-0.000678 0.002926 -0.000588
0.000321 -0.000588 0.002098
0.001863 -0.000450 0.000371
-0.000450 0.003882 -0.000268
0.000371 -0.000268 0.001691
0.000626 0.000158 -0.000083
0.000158 0.001820 0.000431
-0.000083 0.000431 0.001191
0.004425 -0.000951 -0.000054
-0.000951 0.010610 -0.000378
-0.000054 -0.000378 0.005403
0.005267 -0.001073 -0.000029
-0.001073 0.010578 -0.000223
-0.000029 -0.000223 0.005391
0.002040 0.000419 -0.000119
0.000419 0.004276 0.000236
-0.000119 0.000236 0.002092
0.002834 0.000155 -0.000849
0.000155 0.010498 0.000833
-0.000849 0.000833 0.005138
