0.000291 -0.000028 -0.000047
-0.000028 0.000345 0.000046
-0.000047 0.000046 0.000681
0.000338 -0.000043 -0.000107
-0.000043 0.000327 0.000087
-0.000107 0.000087 0.000487
0.001720 -0.000569 0.000236
-0.000569 0.001005 -0.000272
0.000236 -0.000272 0.001154
0.002076 -0.000212 -0.001861
-0.000212 0.002584 0.000809
-0.001861 0.000809 0.002992
0.002586 -0.000359 -0.001904
-0.000359 0.003085 0.000976
-0.001904 0.000976 0.003533
0.000322 -0.000039 -0.000101
-0.000039 0.000311 0.000082
-0.000101 0.000082 0.000470
0.000200 -0.000031 -0.000043
-0.000031 0.000258 0.000049
-0.000043 0.000049 0.000495
0.001489 -0.000458 0.000359
-0.000458 0.000862 -0.000309
0.000359 -0.000309 0.001278
